TAMPA DAILY POTENTIAL ET DATA (INCHES), 1952-1976
    4 YEARS OF RECORD
1952
 .083 .083 .075 .075 .091 .083 .079 .071 .083 .098 .091 .059 .063 .071
 .079 .071 .083 .075 .071 .083 .071 .094 .106 .110 .094 .083 .114 .059
 .102 .079 .091 .110 .059 .118 .110 .094 .102 .102 .102 .102 .098 .114
 .106 .110 .110 .094 .087 .122 .110 .118 .130 .122 .118 .094 .059 .063
 .075 .134 .106 .106 .102 .150 .110 .106 .083 .138 .154 .161 .213 .118
 .134 .122 .087 .154 .150 .150 .185 .106 .134 .173 .197 .185 .177 .075
 .055 .087 .150 .150 .177 .177 .130 .165 .173 .193 .165 .154 .161 .173
 .181 .181 .157 .205 .138 .209 .197 .169 .165 .177 .185 .138 .177 .193
 .181 .154 .177 .185 .232 .272 .240 .205 .189 .173 .193 .201 .205 .201
 .197 .201 .205 .228 .185 .224 .213 .213 .213 .220 .154 .157 .197 .197
 .205 .177 .209 .217 .224 .220 .177 .169 .138 .122 .220 .201 .228 .205
 .213 .197 .193 .134 .146 .154 .240 .236 .228 .154 .217 .185 .185 .169
 .217 .209 .181 .193 .209 .205 .201 .224 .209 .130 .220 .217 .173 .126
 .146 .213 .173 .142 .150 .189 .177 .201 .169 .169 .189 .130 .134 .181
 .189 .197 .213 .181 .173 .154 .217 .201 .213 .213 .205 .173 .169 .185
 .197 .165 .138 .098 .138 .165 .122 .154 .201 .165 .185 .173 .134 .193
 .189 .173 .134 .126 .146 .154 .098 .142 .161 .193 .197 .154 .134 .236
 .193 .150 .193 .138 .189 .181 .189 .161 .157 .161 .161 .146 .193 .232
 .213 .150 .110 .213 .165 .181 .130 .161 .173 .146 .154 .098 .122 .106
 .118 .161 .102 .161 .150 .161 .185 .098 .138 .165 .165 .130 .110 .075
 .067 .087 .091 .102 .094 .130 .118 .114 .102 .063 .067 .063 .075 .134
 .126 .126 .161 .161 .138 .106 .150 .169 .169 .122 .146 .142 .126 .130
 .110 .059 .134 .142 .102 .091 .075 .063 .098 .075 .102 .102 .130 .122
 .075 .059 .091 .075 .087 .110 .102 .087 .087 .146 .102 .102 .102 .075
 .083 .106 .071 .106 .102 .091 .098 .087 .102 .075 .043 .059 .079 .079
 .063 .071 .075 .071 .059 .059 .059 .079 .067 .063 .094 .059 .079 .071
 .083
1953
 .087 .071 .122 .083 .063 .094 .094 .063 .067 .067 .079 .094 .102 .102
 .114 .110 .106 .075 .075 .055 .075 .094 .106 .126 .110 .087 .083 .087
 .083 .118 .091 .087 .071 .067 .091 .126 .126 .094 .154 .150 .146 .110
 .098 .114 .134 .161 .098 .110 .157 .154 .157 .154 .118 .126 .114 .106
 .110 .150 .130 .154 .150 .173 .157 .161 .154 .146 .177 .213 .161 .126
 .126 .106 .134 .146 .154 .185 .157 .165 .138 .094 .146 .142 .165 .236
 .177 .146 .161 .177 .150 .154 .161 .114 .114 .189 .177 .213 .154 .165
 .205 .150 .161 .130 .185 .244 .169 .197 .217 .185 .157 .220 .181 .201
 .185 .201 .201 .102 .193 .177 .205 .209 .213 .217 .240 .240 .220 .150
 .142 .157 .197 .217 .213 .220 .220 .224 .240 .228 .244 .232 .209 .213
 .217 .220 .213 .236 .205 .252 .272 .299 .291 .268 .240 .197 .240 .295
 .181 .114 .138 .146 .138 .205 .177 .189 .201 .213 .201 .197 .193 .197
 .154 .224 .220 .169 .205 .205 .181 .142 .126 .193 .240 .260 .244 .197
 .205 .173 .201 .197 .201 .224 .209 .205 .169 .181 .236 .209 .209 .161
 .169 .177 .217 .173 .181 .185 .193 .094 .118 .193 .154 .154 .150 .177
 .118 .185 .189 .173 .185 .193 .106 .197 .142 .142 .169 .154 .181 .201
 .165 .157 .177 .154 .157 .126 .122 .150 .118 .122 .130 .102 .138 .134
 .150 .130 .165 .177 .142 .087 .157 .106 .146 .169 .150 .114 .134 .169
 .177 .201 .177 .154 .114 .075 .067 .106 .114 .142 .146 .130 .130 .169
 .169 .118 .114 .150 .165 .142 .102 .110 .161 .150 .130 .138 .118 .165
 .071 .091 .161 .142 .134 .161 .165 .161 .150 .122 .063 .150 .165 .142
 .161 .122 .130 .106 .122 .102 .083 .138 .122 .110 .114 .126 .130 .106
 .079 .075 .106 .118 .083 .051 .102 .134 .130 .138 .122 .106 .126 .118
 .130 .098 .091 .075 .063 .063 .126 .094 .079 .094 .122 .102 .098 .114
 .110 .087 .083 .102 .114 .098 .091 .067 .098 .091 .083 .165 .079 .063
 .102 .102 .098 .083 .079 .079 .047 .055 .051 .087 .087 .067 .079 .075
 .102
1954
 .110 .083 .079 .055 .063 .091 .110 .098 .098 .075 .075 .083 .106 .102
 .087 .083 .087 .098 .083 .087 .094 .083 .094 .098 .110 .098 .087 .138
 .110 .091 .079 .150 .110 .114 .122 .122 .118 .106 .134 .130 .110 .098
 .106 .173 .146 .150 .146 .118 .138 .150 .150 .110 .154 .126 .157 .142
 .118 .110 .114 .146 .126 .098 .161 .138 .075 .138 .118 .083 .118 .157
 .154 .146 .126 .185 .185 .154 .142 .126 .110 .181 .173 .161 .154 .185
 .165 .161 .138 .169 .161 .177 .173 .157 .169 .173 .248 .201 .169 .181
 .177 .169 .169 .181 .173 .177 .154 .201 .209 .173 .205 .193 .209 .181
 .130 .173 .181 .169 .181 .154 .197 .213 .193 .205 .201 .181 .213 .209
 .213 .217 .236 .240 .224 .161 .154 .193 .185 .201 .197 .209 .224 .213
 .236 .224 .236 .240 .197 .142 .157 .150 .102 .126 .177 .189 .189 .201
 .154 .209 .209 .181 .193 .228 .244 .217 .205 .201 .197 .142 .173 .193
 .142 .165 .181 .185 .130 .134 .165 .181 .185 .217 .220 .209 .197 .185
 .201 .197 .193 .173 .142 .126 .094 .106 .118 .106 .126 .154 .173 .154
 .150 .173 .201 .201 .193 .209 .209 .130 .146 .154 .150 .083 .110 .165
 .189 .185 .169 .185 .201 .197 .201 .201 .161 .110 .165 .181 .165 .177
 .185 .173 .201 .185 .177 .150 .181 .185 .154 .189 .197 .146 .181 .154
 .134 .201 .094 .173 .142 .130 .173 .197 .165 .157 .213 .197 .193 .185
 .193 .173 .138 .142 .122 .142 .169 .157 .154 .150 .165 .157 .098 .106
 .130 .134 .110 .106 .134 .161 .173 .185 .138 .169 .173 .169 .134 .126
 .110 .169 .165 .154 .142 .165 .169 .146 .169 .165 .157 .169 .150 .142
 .157 .169 .150 .146 .138 .118 .110 .102 .114 .114 .094 .091 .118 .098
 .071 .114 .130 .118 .114 .130 .094 .106 .122 .091 .083 .083 .079 .087
 .087 .094 .087 .094 .071 .083 .091 .094 .098 .106 .083 .142 .087 .063
 .087 .079 .091 .075 .098 .102 .083 .106 .083 .087 .051 .059 .071 .071
 .071 .087 .083 .079 .071 .055 .059 .047 .059 .091 .079 .098 .083 .059
 .075
1955
 .083 .091 .094 .087 .079 .071 .079 .083 .059 .094 .091 .075 .114 .087
 .075 .079 .083 .106 .114 .083 .075 .075 .063 .039 .071 .079 .071 .071
 .071 .083 .091 .098 .110 .098 .142 .189 .161 .079 .079 .126 .114 .098
 .110 .138 .114 .118 .122 .110 .150 .118 .161 .122 .110 .142 .094 .130
 .126 .130 .134 .130 .126 .138 .142 .134 .142 .134 .173 .146 .138 .134
 .134 .150 .146 .161 .154 .138 .150 .157 .169 .181 .126 .118 .071 .110
 .075 .142 .083 .134 .110 .134 .173 .087 .169 .154 .197 .177 .161 .154
 .185 .157 .154 .169 .161 .122 .150 .185 .181 .224 .201 .189 .177 .173
 .189 .177 .185 .220 .201 .173 .213 .228 .220 .236 .220 .189 .193 .228
 .213 .213 .213 .224 .217 .213 .205 .150 .189 .181 .189 .150 .126 .177
 .142 .220 .205 .189 .201 .201 .197 .217 .189 .213 .228 .252 .248 .240
 .240 .236 .244 .189 .244 .260 .224 .134 .236 .224 .213 .173 .122 .150
 .173 .213 .193 .185 .213 .173 .213 .213 .173 .193 .126 .193 .185 .146
 .185 .217 .213 .197 .201 .209 .142 .185 .134 .138 .154 .185 .173 .185
 .189 .157 .177 .220 .181 .138 .177 .209 .146 .142 .213 .197 .138 .130
 .181 .091 .161 .181 .189 .165 .177 .189 .169 .205 .193 .213 .220 .232
 .201 .114 .142 .205 .213 .193 .138 .154 .181 .193 .193 .205 .126 .177
 .157 .169 .177 .177 .130 .154 .130 .122 .181 .181 .142 .130 .134 .122
 .094 .157 .181 .185 .197 .193 .185 .165 .146 .134 .110 .146 .138 .161
 .185 .157 .185 .201 .181 .177 .177 .169 .134 .118 .134 .142 .161 .165
 .130 .169 .157 .134 .118 .146 .110 .138 .134 .114 .134 .134 .146 .142
 .154 .161 .142 .134 .134 .134 .138 .098 .114 .126 .110 .118 .102 .130
 .102 .110 .102 .102 .055 .075 .094 .118 .130 .106 .098 .114 .102 .122
 .106 .118 .094 .102 .106 .098 .091 .059 .079 .094 .142 .134 .118 .102
 .087 .091 .055 .059 .067 .075 .094 .075 .071 .059 .079 .098 .067 .087
 .071 .075 .067 .094 .083 .071 .059 .067 .055 .063 .067 .091 .122 .083
 .094
TAMPA              DAILY RAINFALL DATA (INCHES), 1952-1955
1952
 0.000 0.000 0.000 0.000 0.000 0.240 0.000 0.000 0.000 0.010 0.000
 0.000 0.000 0.000 0.000 0.000 0.000 0.000 0.000 0.000 0.005 0.000 
 0.000 0.000 0.000 0.005 0.000 0.640 0.000 0.000 0.000 0.000 0.520 
 0.030 0.130 0.460 0.000 0.230 0.000 0.000 0.000 0.000 0.000 0.000 
 0.000 0.005 0.250 0.010 0.000 0.000 0.290 0.000 0.000 0.005 0.290 
 0.100 1.210 0.220 0.000 0.000 0.000 0.000 0.020 0.005 0.090 0.000 
 0.000 0.000 0.000 0.050 0.000 0.005 0.340 1.630 0.000 0.000 0.000 
 0.090 0.000 0.000 0.000 0.000 0.005 1.650 2.230 0.390 0.000 0.005 
 0.000 0.000 0.005 0.000 0.000 0.100 0.005 0.000 0.000 0.000 0.000 
 0.000 0.000 0.000 0.220 0.000 0.000 0.000 0.000 0.000 0.000 0.000 
 0.000 0.000 0.000 0.005 0.005 0.930 0.000 0.000 0.000 0.000 0.000 
 0.000 0.000 0.000 0.000 0.000 0.000 0.030 0.000 0.000 0.000 0.000 
 0.000 0.000 0.000 0.000 0.030 0.000 0.000 0.010 0.000 0.000 0.120 
 0.005 0.005 0.000 0.070 1.070 0.000 0.740 0.000 0.005 0.000 0.000 
 0.000 0.005 0.000 0.030 0.005 0.005 0.005 0.000 0.000 1.370 0.000 
 0.070 0.005 0.070 0.000 0.000 0.000 0.050 0.005 0.005 0.010 0.005 
 0.080 0.380 0.160 0.000 0.610 1.150 1.170 0.000 1.380 0.005 0.890 
 0.000 0.000 0.000 0.360 0.060 0.980 0.100 0.005 0.350 0.005 0.005 
 0.000 0.000 0.000 0.950 0.000 0.000 0.000 0.000 0.030 0.080 0.270 
 0.700 0.080 2.150 0.060 0.050 0.000 0.005 0.580 0.005 0.000 0.005 
 0.000 0.000 0.005 0.000 0.000 0.005 0.220 0.005 0.260 0.005 0.040 
 0.005 0.260 0.000 0.000 0.005 0.200 0.000 0.340 0.010 0.000 0.100 
 0.230 0.000 0.000 0.010 1.540 0.005 0.000 0.000 0.005 0.000 0.040 
 0.050 0.210 0.000 0.020 0.000 0.000 0.000 0.005 0.140 0.330 0.080 
 1.290 0.010 1.290 0.000 0.005 0.005 0.250 0.005 0.000 0.005 0.000 
 0.000 0.005 0.005 0.630 0.310 1.040 0.005 0.000 0.005 0.005 0.420 
 0.005 1.710 0.000 0.370 0.140 1.700 0.540 0.010 0.005 0.010 0.000 
 0.000 0.005 0.180 0.000 0.000 0.000 0.000 0.000 0.000 0.000 0.000 
 0.000 0.005 0.000 0.000 0.000 0.005 0.005 0.000 0.000 0.000 0.000 
 0.000 0.000 0.000 0.000 1.670 0.060 0.000 0.000 0.000 0.000 0.000 
 0.000 0.000 0.000 0.000 0.000 0.000 0.000 0.000 0.005 0.000 0.000 
 0.000 0.000 0.005 0.000 0.000 0.040 0.040 0.005 0.000 0.000 0.000 
 0.000 0.060 0.000 0.000 0.000 0.000 0.000 0.000 0.000 0.060 0.000 
 0.000 0.500
1953
 0.000 0.010 0.010 0.000 0.040 0.000 0.000 0.005 3.290 0.210 0.005 
 0.000 0.000 0.000 0.000 0.000 0.000 0.000 0.000 0.010 0.005 0.000 
 0.460 0.010 0.000 0.000 0.000 0.000 0.000 0.000 0.000 0.000 1.440
 0.000 0.000 0.000 0.000 1.520 0.040 0.000 0.000 0.000 0.005 0.000 
 0.000 0.480 0.000 0.000 0.000 0.000 0.010 0.000 0.005 0.005 0.005 
 0.000 0.020 0.005 0.000 0.000 0.000 0.000 0.000 0.000 0.000 0.000 
 0.000 0.000 0.005 0.050 0.005 0.000 0.000 0.000 0.000 0.000 0.000 
 0.000 0.000 3.300 0.360 0.030 0.000 0.000 0.000 0.000 0.010 0.000 
 0.000 0.000 0.000 0.005 0.005 0.000 0.000 0.000 0.310 0.000 0.005 
 0.000 0.005 0.340 0.780 0.000 0.720 0.005 0.000 0.000 0.005 0.000 
 0.000 0.000 0.000 0.000 0.000 0.800 0.000 0.000 0.000 0.005 0.000 
 0.000 0.000 0.000 0.000 0.000 0.470 0.000 0.000 0.005 0.000 0.000 
 0.000 0.000 0.000 0.000 0.000 0.000 0.000 0.000 0.000 0.000 0.005 
 0.000 0.000 0.000 0.000 0.000 0.000 0.000 0.000 0.000 0.005 0.005 
 0.210 2.280 0.220 0.000 0.240 0.000 0.000 0.010 0.000 0.000 0.000 
 0.000 0.005 0.000 1.430 0.000 0.005 0.430 0.010 1.070 0.900 0.270 
 0.650 0.180 0.005 0.000 0.000 0.000 0.005 0.000 0.000 0.000 0.000 
 0.000 0.000 0.000 0.010 0.340 0.000 0.000 0.000 0.005 1.080 0.040 
 1.190 0.005 0.005 0.020 0.030 1.150 0.380 0.900 0.140 0.000 0.000 
 1.480 0.040 0.000 0.000 0.100 0.160 0.000 0.350 0.000 0.290 0.900 
 0.000 0.020 0.080 0.220 0.230 0.000 0.140 0.530 0.000 0.020 0.000 
 0.060 0.005 0.070 0.005 0.150 0.070 0.720 0.005 0.100 0.005 0.610 
 0.510 0.440 0.140 0.010 0.005 0.005 0.005 0.110 0.000 0.500 0.005 
 0.000 0.000 0.000 0.100 1.770 2.690 0.150 0.500 0.050 0.460 0.090 
 0.460 0.020 0.670 0.005 1.970 0.270 0.000 0.000 1.160 0.090 0.020 
 0.130 0.100 0.005 0.040 0.005 0.150 0.440 0.000 0.000 0.000 0.000 
 0.000 0.000 0.000 0.130 0.180 0.000 0.000 0.005 0.000 0.000 0.000 
 0.000 0.000 0.000 0.420 0.000 0.000 0.000 0.000 0.000 0.000 0.000 
 0.540 0.005 0.000 0.000 0.005 0.160 0.000 0.000 0.000 0.000 0.000 
 0.000 0.000 0.000 0.000 0.300 0.000 0.005 0.100 3.110 0.360 0.320 
 0.000 0.000 0.000 0.000 0.000 0.000 0.000 1.540 0.030 0.020 0.005 
 0.000 0.000 0.005 0.000 0.000 0.790 0.005 0.000 0.000 0.000 0.000 
 0.000 0.000 0.240 0.060 1.540 0.005 0.010 0.000 0.000 0.000 0.000
 0.030 0.020
1954
 0.000 0.380 0.020 0.000 0.040 0.000 0.000 0.000 0.000 0.000 0.530
 0.000 0.000 0.000 0.000 0.010 0.000 0.000 0.000 0.000 0.000 0.010 
 0.000 0.000 0.005 0.000 0.000 0.000 0.000 0.000 0.005 0.000 0.005 
 0.000 0.000 0.000 0.000 0.030 0.320 0.000 0.000 0.005 0.005 0.000 
 0.000 0.000 0.000 0.000 0.000 0.000 0.010 0.690 0.000 0.000 0.480 
 0.000 0.000 0.000 0.050 0.000 0.000 0.270 0.000 0.000 0.410 0.005 
 0.000 0.110 0.000 0.000 0.000 0.000 0.060 0.000 0.000 0.000 0.000 
 0.910 0.250 0.005 0.000 0.000 0.000 0.000 0.000 0.000 0.000 0.000 
 0.000 0.000 0.005 0.005 0.000 0.020 0.005 0.370 0.140 0.000 0.430 
 0.000 0.110 0.000 0.005 0.000 0.020 0.190 0.000 0.000 0.000 0.005 
 0.005 0.005 0.120 0.070 0.940 0.070 0.000 0.000 0.000 0.000 0.180 
 0.005 0.000 0.410 0.000 0.000 0.000 0.000 0.000 0.000 0.000 0.760
 0.610 0.040 0.000 0.000 0.000 0.000 0.000 1.130 0.000 0.000 0.000
 0.000 0.000 0.005 0.140 0.130 0.050 0.005 2.450 0.000 0.000 0.005
 0.470 0.000 0.000 0.040 0.020 0.000 0.000 0.000 0.000 0.320 0.860
 1.400 0.000 0.110 0.005 0.080 0.470 0.000 0.460 0.070 0.005 0.005
 0.005 0.000 0.000 0.000 0.270 0.140 0.010 0.480 0.070 0.140 0.110
 0.060 0.540 0.140 0.160 0.350 0.920 0.005 0.140 0.000 0.390 0.060
 0.060 0.000 0.000 0.000 0.230 0.290 0.220 0.070 0.120 0.920 0.750
 0.005 0.005 0.360 0.005 0.090 0.000 0.000 0.000 0.000 0.410 0.070
 0.000 0.005 0.070 0.005 0.130 0.790 0.000 0.490 0.005 0.005 0.000
 0.070 0.250 0.230 0.005 0.170 0.020 0.005 0.120 0.150 1.620 0.050
 0.000 0.005 0.005 0.005 0.040 0.760 0.000 0.000 0.000 0.000 0.000
 0.730 0.050 0.010 0.110 0.005 0.005 0.010 1.380 0.210 0.000 0.000
 0.180 1.570 0.040 0.890 0.300 0.000 0.000 0.070 0.000 0.010 0.150
 0.000 0.000 0.000 0.140 0.000 0.020 0.000 0.000 0.005 0.000 0.000
 0.000 0.000 0.000 0.000 0.000 0.000 0.000 0.000 0.000 0.000 0.000
 0.000 0.000 0.000 0.000 0.310 0.000 0.000 0.000 0.000 0.000 0.000
 0.080 0.000 0.000 0.000 0.000 0.000 0.420 0.000 0.070 3.490 0.000
 0.100 0.460 0.000 0.120 0.080 0.000 0.230 0.260 0.000 0.060 0.000
 0.000 0.000 0.010 0.000 0.000 0.000 0.000 0.000 0.000 0.370 0.000
 0.000 0.005 0.020 0.000 0.000 0.910 0.005 0.000 0.000 0.000 0.550
 0.005 0.000 0.000 0.000 0.000 0.000 0.000 0.000 0.000 0.000 0.000
 0.000 0.000
1955
 0.000 0.000 0.000 0.000 0.000 0.005 0.000 0.000 0.000 0.000 0.020
 0.000 0.000 0.000 0.000 0.750 0.240 0.350 0.005 0.000 0.000 0.005
 0.380 0.850 0.000 0.000 0.000 0.000 0.000 0.000 0.000 0.000 0.000
 0.005 0.000 0.000 0.000 0.030 0.350 0.000 0.005 2.350 0.000 0.000
 0.000 0.000 0.000 0.005 0.000 0.005 0.000 0.000 0.000 0.000 0.000
 0.000 0.005 0.000 0.000 0.000 0.000 0.000 0.000 0.000 0.000 0.000
 0.005 0.000 0.000 0.000 0.000 0.000 0.000 0.000 0.000 0.000 0.000
 0.000 0.000 0.000 0.100 0.000 1.280 0.150 0.620 0.005 0.450 0.050
 0.000 0.000 0.000 0.920 0.000 0.000 0.000 0.000 0.000 0.000 0.000
 0.000 0.005 0.070 0.000 0.240 0.000 0.000 0.000 0.000 0.000 0.000
 0.000 0.000 0.000 0.000 0.005 0.000 0.000 0.000 0.000 0.000 0.000
 0.000 0.000 0.000 0.000 0.000 0.000 0.000 0.000 0.000 0.000 0.000
 0.000 0.000 0.000 0.000 0.230 0.005 0.010 0.000 0.005 0.005 0.005
 0.000 0.000 0.070 0.210 0.190 0.010 0.000 0.000 0.000 0.000 0.000
 0.000 0.000 0.000 0.000 0.000 0.000 0.000 0.550 0.000 0.000 0.000
 0.005 0.380 0.050 0.490 0.070 0.000 0.005 0.000 0.050 0.000 0.000
 0.005 0.630 0.120 0.000 0.210 2.840 0.400 0.080 0.005 0.000 0.420
 1.240 0.470 0.050 0.030 0.005 0.570 0.020 0.000 0.170 1.300 0.180
 0.020 0.110 0.020 0.110 0.020 0.060 0.010 0.000 0.000 1.710 0.060
 1.090 0.000 0.920 0.780 0.060 1.080 0.150 0.005 0.000 0.370 0.000
 0.100 0.000 0.000 0.000 0.200 0.880 0.010 0.000 0.000 0.000 0.380
 0.300 0.000 0.000 0.000 0.660 0.610 0.200 0.000 0.005 0.000 2.330
 1.460 0.430 1.800 0.090 1.000 0.180 0.005 0.110 0.290 0.005 1.450
 0.090 0.230 0.005 0.000 0.005 0.000 0.005 0.040 0.000 1.200 0.000
 0.220 0.070 0.000 0.550 0.350 0.000 0.720 0.000 0.000 0.000 0.210
 0.740 0.050 0.005 0.005 0.000 0.000 0.005 0.140 0.005 0.005 0.000
 0.030 0.000 0.000 0.040 0.000 0.000 0.000 0.000 0.000 0.000 0.000
 0.000 0.000 0.000 0.000 1.970 0.050 0.000 0.000 0.000 0.005 0.005
 0.000 0.000 0.000 0.000 0.690 1.310 0.000 0.000 0.000 0.000 0.000
 0.000 0.000 0.000 0.000 0.000 0.000 0.000 0.000 0.000 0.000 0.150
 0.005 0.005 0.000 0.000 0.000 0.000 0.000 0.000 0.150 0.140 0.005
 0.000 0.005 0.000 0.030 0.200 0.000 0.000 0.000 0.000 0.000 0.000
 0.000 0.000 0.000 0.000 0.000 0.000 0.000 0.005 0.030 0.120 0.000
 0.000 0.000